15248	10	17919
15248	10	16616
15248	10	21438
23738	24	17699
15248	10	17763
39994	18	21583
15248	10	19645
23738	21	17770
15248	10	18548
24575	18	18061
15248	10	19941
23738	24	20448
15248	10	16902
15248	10	19522
15248	10	19422
23738	24	16749
15248	10	19727
15248	10	19449
15248	13	16503
34956	17	17547
14220	10	17753
14220	13	20233
14220	10	21737
14220	10	17071
14220	10	17515
14220	10	21440
14661	10	21050
14220	10	19243
14220	13	21149
14220	14	19439
14220	11	20627
14220	10	20428
14220	16	21727
14220	13	21493
14220	10	18206
14220	10	17846
14220	16	21704
14220	11	17151
14220	10	21450
27932	20	19513
78	10	20899
43719	24	18342
9598	10	19455
9598	10	19809
30108	22	16643
9598	10	17158
9598	10	19964
9598	10	20727
9598	10	19519
9598	10	16953
59154	17	17449
15554	10	19146
9598	10	19809
173	15	16809
9598	10	19347
9598	10	21373
9598	10	18859
43719	21	21392
30108	24	19860
9598	10	21231
34723	29	49240
1211	10	18837
16115	10	17862
29649	19	18399
12831	16	17741
29649	21	19196
30860	24	19134
50213	17	17407
15429	10	18837
43719	17	17312
10885	12	18867
16115	10	20822
15554	10	21365
10885	10	20232
1221	10	18837
35620	33	45119
10885	10	18850
29649	18	21563
10885	10	21066
16156	10	20625
14361	10	20295
14361	10	19612
14361	10	19878
14361	15	19825
14361	10	20884
14361	10	20694
14361	11	17974
14361	10	18358
14361	10	17868
14361	11	18330
14361	10	17136
14361	15	21416
14361	10	19119
14361	10	20232
14361	10	20014
371	10	21766
14361	10	18881
14361	10	20942
14361	10	18798
14361	10	20041
50725	24	18720
14420	10	21575
14420	10	19564
14420	10	17743
14420	10	19609
14420	3	47169
7020	10	18579
14420	10	21172
27774	26	17354
14420	13	18102
14420	10	18556
14420	10	17666
34490	31	55297
15655	10	20784
14420	10	19276
14420	10	20880
14420	10	21504
14420	10	19513
14420	10	21522
14420	15	19660
7633	10	20600
8969	6	35584
16156	15	21729
8969	10	19487
15112	10	21040
15554	10	19339
8969	10	20811
8969	10	21405
32348	22	20116
395	15	18730
8969	10	18975
8969	3	41048
8969	10	19964
8969	10	17337
8969	12	21698
8969	10	18418
15209	10	19339
35435	17	16842
8969	10	21516
8969	10	19908
893	11	20836
893	10	21710
893	10	21341
893	10	21135
893	10	21055
893	10	17455
893	15	18729
32936	22	18818
893	0	45921
33067	18	17135
893	13	17890
893	15	19816
893	10	19573
893	10	21037
893	10	20303
14464	10	19839
893	10	17313
893	10	17690
36145	23	19313
893	8	28153
14344	12	17068
14344	10	20875
395	15	19426
14344	10	20228
14344	10	20788
14344	10	19129
7619	10	18898
14344	10	19670
14344	16	19510
14344	10	20648
14344	11	20424
14344	10	19705
41446	23	19839
14344	10	19896
14344	10	18964
14344	10	17136
346	10	20983
14344	10	20620
14344	6	45906
14344	12	19116
14609	10	17178
16108	10	19513
14909	13	19933
38392	17	16664
14909	10	19690
14909	10	18715
14909	12	19022
14909	10	20041
21929	18	18805
14909	10	21372
14909	10	18643
14909	10	19449
14984	10	16944
14909	10	17643
14909	10	20297
14909	10	21137
14909	10	20053
14909	10	19177
14909	10	19814
14909	11	18419
5721	10	19553
15041	10	18991
15041	10	18643
15041	10	19854
244	10	17707
32986	25	20526
15041	0	27270
15041	10	17862
15041	10	21602
50725	25	19893
15041	10	21340
15041	10	20596
15041	12	19002
15041	10	17562
15041	10	18885
15041	10	20313
48928	19	18662
15041	10	19889
395	10	18034
15041	10	21298
771	15	20759
771	15	17309
771	10	19728
771	10	19915
771	12	21512
771	10	19915
771	11	20832
771	10	19520
771	10	19162
771	10	20621
771	11	19421
771	10	21123
771	10	19915
771	16	20895
771	10	18322
771	10	17696
771	10	19004
771	6	50174
771	10	18186
771	15	21319
15436	10	21168
15436	10	21512
15436	10	19058
15436	10	19281
15436	6	40736
15436	12	21431
15436	10	21686
15436	10	20824
395	10	19379
15436	10	19314
15436	10	19785
15436	10	20449
15436	10	20924
15436	10	17295
15436	10	19588
15436	10	18907
15436	10	19767
11282	10	19692
15436	10	20390
15436	10	19744
15432	10	20509
14852	10	19011
15432	12	17745
15432	8	47846
15432	10	20171
32936	21	18938
2597	10	20654
32936	21	18197
1211	10	19997
15805	10	19877
15735	10	20384
15432	10	19657
15432	14	17977
16361	10	20659
15432	10	20303
15432	10	19553
15432	10	18715
15432	12	17058
15432	10	21053
32936	21	20354
7298	10	21759
7298	10	20144
7298	10	19545
7298	15	18440
7298	10	19908
7298	10	17775
28277	17	18738
7298	12	19352
7298	10	19933
7298	10	19694
7298	10	21029
7298	10	19630
7298	10	21009
7298	1	36389
14361	10	19171
1280	10	19088
1211	15	16683
7298	12	18292
7298	0	43767
7298	10	20502
40622	21	21490
1211	10	19074
16064	10	21575
16064	10	20713
16064	10	21437
11541	10	20373
16064	10	17499
16064	10	20122
16064	8	47092
16064	0	43812
16064	10	20811
16064	12	17500
16064	10	19898
16064	10	20969
16064	10	19878
16064	10	19014
16064	10	20993
16064	10	17447
16064	10	17411
51	10	21406
16188	10	20450
16188	10	19199
1280	10	20167
16188	10	20509
16188	10	19011
40518	22	17545
395	10	18627
16188	4	24670
16188	10	19007
16188	0	50650
16188	15	16819
16188	10	19075
16188	10	19966
16188	10	19705
16188	11	19649
16188	10	19915
16188	10	21572
16188	0	43767
16188	10	20172
16188	10	19878
8717	14	17304
8717	10	20501
8717	16	18587
8717	10	17865
14482	10	19553
8717	10	19074
34385	23	20567
8717	12	16866
8717	16	16503
1211	10	19393
4929	10	19171
8717	10	17403
8717	10	21437
8717	12	18173
8717	10	20721
8717	10	19118
8717	10	20533
8717	0	28502
15881	10	17785
8717	0	23204
16277	15	18440
507	10	21643
16277	10	21455
16277	10	20260
16277	10	20369
16277	10	19393
3787	10	19001
35584	21	16875
16277	10	21164
16277	1	42954
16277	10	19611
16277	10	19343
16277	10	21819
16277	10	19243
22991	17	16814
16277	13	19957
16277	10	16692
16277	10	17164
16277	10	19276
16277	10	21508
28328	21	18626
10753	10	19142
10753	10	16960
10753	10	16718
28328	17	19096
10753	10	21559
29613	18	18240
10753	10	18602
10753	10	20126
10753	10	20878
10753	10	17498
10753	10	20337
10753	10	17603
10753	10	18951
10753	10	16787
10753	10	19656
10753	11	18979
10753	10	19304
10753	10	19578
391	10	17924
