15248	10	17919
15248	10	16616
15248	10	21438
15248	10	17699
15248	10	17548
15248	10	21583
15248	10	19645
15248	10	17770
15248	10	18548
15248	10	18061
15248	10	19941
15248	10	20448
15248	10	16902
15248	10	19522
15248	10	19422
15248	10	16749
15248	10	19727
15248	10	18769
15248	10	16503
15248	10	17547
14220	10	17753
14220	10	20233
14220	10	17849
14220	10	20735
14220	10	21561
14220	10	17106
14220	10	21550
14220	10	19268
14220	10	21149
14220	10	19439
14220	10	20627
14220	10	18941
14220	10	21727
14220	10	21493
14220	10	17489
14220	10	19384
14220	10	21704
14220	10	17151
14220	10	21450
14220	10	19811
9598	10	20899
9598	10	18342
9598	10	19455
9598	10	21605
9598	10	16643
9598	10	18677
9598	10	19964
9598	10	17482
9598	10	19519
9598	10	21446
9598	10	17449
9598	10	19146
9598	10	20221
9598	10	16809
9598	10	17419
9598	10	18464
9598	10	18859
9598	10	21392
9598	10	19860
9598	10	21231
10885	10	18064
10885	10	16858
10885	10	17862
10885	10	18399
10885	10	17741
10885	10	19196
10885	10	19134
10885	10	17407
10885	10	21337
10885	10	17312
10885	10	18867
10885	10	20822
10885	10	21366
10885	10	16779
10885	10	17201
10885	10	18144
10885	10	17583
10885	10	21563
10885	10	16780
10885	10	19750
14361	10	20295
14361	10	20253
14361	10	19878
14361	10	19825
14361	10	20288
14361	10	20694
14361	10	17974
14361	10	18358
14361	10	17868
14361	10	18330
14361	10	17523
14361	10	21416
14361	10	19119
14361	10	17102
14361	10	20014
14361	10	21766
14361	10	16560
14361	10	20942
14361	10	19120
14361	10	18553
14420	10	18720
14420	10	21575
14420	10	18922
14420	10	18358
14420	10	20511
14420	10	20215
14420	10	19093
14420	10	21172
14420	10	17354
14420	10	18102
14420	10	21828
14420	10	17666
14420	10	16710
14420	10	18737
14420	10	18211
14420	10	20880
14420	10	17033
14420	10	18758
14420	10	21522
14420	10	19660
8969	10	20600
8969	10	16736
8969	10	21729
8969	10	19923
8969	10	21631
8969	10	17759
8969	10	18815
8969	10	17470
8969	10	19725
8969	10	18730
8969	10	18975
8969	10	18347
8969	10	20718
8969	10	20831
8969	10	21698
8969	10	18418
8969	10	18774
8969	10	16842
8969	10	17388
8969	10	19908
893	10	20836
893	10	21710
893	10	19529
893	10	21135
893	10	21055
893	10	17455
893	10	18729
893	10	18818
893	10	20137
893	10	17135
893	10	17890
893	10	19816
893	10	19149
893	10	18232
893	10	20303
893	10	18173
893	10	20149
893	10	17690
893	10	19313
893	10	18338
14344	10	17068
14344	10	18498
14344	10	19426
14344	10	20228
14344	10	20788
14344	10	19129
14344	10	18898
14344	10	19928
14344	10	19510
14344	10	20648
14344	10	20424
14344	10	17185
14344	10	17720
14344	10	19896
14344	10	18964
14344	10	18466
14344	10	20983
14344	10	18725
14344	10	18407
14344	10	19116
14909	10	17178
14909	10	16882
14909	10	19933
14909	10	16664
14909	10	17491
14909	10	21494
14909	10	19022
14909	10	19737
14909	10	17720
14909	10	21617
14909	10	18643
14909	10	17494
14909	10	16944
14909	10	17335
14909	10	20297
14909	10	21137
14909	10	19620
14909	10	19177
14909	10	19420
14909	10	18419
15041	10	18495
15041	10	18496
15041	10	21219
15041	10	17478
15041	10	18402
15041	10	17257
15041	10	17472
15041	10	17862
15041	10	21602
15041	10	19893
15041	10	19321
15041	10	21807
15041	10	19002
15041	10	17562
15041	10	18885
15041	10	19216
15041	10	18662
15041	10	19205
15041	10	18034
15041	10	21483
771	10	20759
771	10	17309
771	10	19604
771	10	17805
771	10	18357
771	10	20585
771	10	20856
771	10	19520
771	10	17726
771	10	20815
771	10	20545
771	10	21123
771	10	18852
771	10	20895
771	10	18322
771	10	17696
771	10	19004
771	10	21837
771	10	17301
771	10	21319
15436	10	16807
15436	10	17636
15436	10	19210
15436	10	19281
15436	10	17465
15436	10	21431
15436	10	21686
15436	10	17769
15436	10	19379
15436	10	19314
15436	10	19785
15436	10	20449
15436	10	20924
15436	10	17295
15436	10	19588
15436	10	18907
15436	10	18641
15436	10	17639
15436	10	20133
15436	10	19744
15432	10	17252
15432	10	19992
15432	10	17745
15432	10	19410
15432	10	20263
15432	10	18938
15432	10	20286
15432	10	18197
15432	10	16556
15432	10	21802
15432	10	21186
15432	10	17303
15432	10	20753
15432	10	21309
15432	10	21510
15432	10	19298
15432	10	17428
15432	10	17058
15432	10	21075
15432	10	20354
7298	10	21759
7298	10	21402
7298	10	19545
7298	10	18440
7298	10	17486
7298	10	17775
7298	10	18738
7298	10	19352
7298	10	19933
7298	10	18004
7298	10	17405
7298	10	19630
7298	10	17667
7298	10	18986
7298	10	19952
7298	10	19088
7298	10	16683
7298	10	18292
7298	10	18046
7298	10	21046
16064	10	21490
16064	10	18712
16064	10	18685
16064	10	20713
16064	10	18072
16064	10	20373
16064	10	17499
16064	10	20122
16064	10	19869
16064	10	16696
16064	10	20811
16064	10	17500
16064	10	17608
16064	10	20969
16064	10	20422
16064	10	19014
16064	10	18432
16064	10	19114
16064	10	17411
16064	10	18405
16188	10	20450
16188	10	19199
16188	10	20103
16188	10	21824
16188	10	21319
16188	10	17545
16188	10	18627
16188	10	20135
16188	10	20231
16188	10	19854
16188	10	16819
16188	10	20559
16188	10	19966
16188	10	20916
16188	10	19649
16188	10	17325
16188	10	17782
16188	10	18844
16188	10	20172
16188	10	21120
8717	10	17304
8717	10	21223
8717	10	18587
8717	10	17865
8717	10	18030
8717	10	19074
8717	10	20567
8717	10	16866
8717	10	16503
8717	10	19323
8717	10	20289
8717	10	17403
8717	10	18542
8717	10	18173
8717	10	20721
8717	10	19118
8717	10	17936
8717	10	17373
8717	10	17785
8717	10	16630
16277	10	18485
16277	10	19275
16277	10	17286
16277	10	19683
16277	10	21351
16277	10	19393
16277	10	16832
16277	10	16875
16277	10	16812
16277	10	17510
16277	10	20656
16277	10	19343
16277	10	17198
16277	10	20154
16277	10	16814
16277	10	19957
16277	10	16692
16277	10	17164
16277	10	21014
16277	10	17390
10753	10	18626
10753	10	19142
10753	10	16623
10753	10	16718
10753	10	19096
10753	10	21559
10753	10	18240
10753	10	16530
10753	10	20126
10753	10	21114
10753	10	17498
10753	10	20337
10753	10	17603
10753	10	18378
10753	10	16787
10753	10	18384
10753	10	18979
10753	10	19304
10753	10	20762
10753	10	17924
